0.0377435
0.00300987
-0.010714
0.0742849
0.0293278
0.0259309
-0.0474541
-0.0304508
0.0273426
0.0746204
-0.0028996
-0.0114543
0.0418323
-0.026612
0.0225065
-0.0430364
-0.02426
0.0615631
0.0232716
-0.000838755
-0.0225753
0.0669512
0.0457363
0.0305037
-0.0495638
-0.0344428
0.00785014
0.0307096
-0.0146864
-0.0212215
0.0254445
0.0114431
0.0216729
-0.0374212
-0.0386949
0.0305774
0.0301115
-0.00420466
0.0072841
0.0430052
-0.0174463
0.0554364
-0.0186396
0.00259782
0.0342159
0.0329554
0.00671143
0.0177564
0.0619573
-0.00351252
0.046727
0.0239924
0.0287768
0.0389883
0.0145859
-0.0211183
-0.0131213
0.040866
0.0170431
0.0408258
-0.012143
-0.00496197
0.0220383
0.0117976
0.000980299
0.00745749
0.0610607
0.0552815
0.0614584
0.0192747
0.0142735
0.0321146
0.0200662
0.00611596
0.0129205
0.0439944
-0.0262556
0.0267963
0.0118259
0.0199514
0.0180866
0.0224152
0.0159797
0.0115134
0.027429
-0.0370296
0.0404542
0.034073
0.0453908
0.038845
-0.00983472
0.00445742
0.0210568
0.064559
0.0166704
0.0385503
0.0164217
0.0252863
-0.000489394
-0.000267438
-0.00552204
0.0092403
0.0196655
-0.0107091
0.0149885
0.0213015
8.46518e-005
-0.0119995
-0.000936802
0.0182924
0.00668688
0.0155832
-0.0341685
0.0316954
0.0322862
0.0433534
0.0351784
-0.0339296
-0.0287857
-0.0228522
-0.0147266
-0.0590843
0.0114891
0.00700045
0.023683
-0.0230554
-0.0161276
-0.000852901
0.0256368
0.0187458
0.00430811
0.0142122
0.0259781
0.00354567
-0.000684627
-0.0549872
-0.0414845
-0.0200909
-0.0207702
-0.0266001
0.00978653
0.0115265
-0.0178047
-0.0514924
-0.0137497
-0.00379438
-0.0104991
0.0229553
-0.00385667
0.0322991
0.0184196
0.0258972
-0.0069612
-0.0227855
-0.0345427
-0.0566617
-0.0280493
-0.0292104
0.000310218
-0.0164016
-0.00716452
-0.0139969
-0.0235763
0.00279664
-0.00460462
0.00338917
0.0121222
0.0403897
0.0384332
0.0546203
-0.00158191
-0.0180341
-0.0272033
-0.037448
-0.0379785
0.00282778
-9.00089e-005
0.00128287
0.0168215
-0.00395874
-0.00999586
-0.0197389
-0.0378952
-0.00461772
-0.0208673
0.0234734
0.00100835
0.0050381
0.00386366
-0.0155601
-0.012035
-0.0392405
-0.0209599
-0.0405363
-0.0279662
-0.0284546
-0.0180598
-0.0147733
0.00743919
0.00888433
-0.0100123
-0.000468358
0.0160473
0.0245501
-0.00167398
0.0150761
0.00180044
0.0183142
0.020039
-0.00901532
-0.00991275
0.0227626
0.0120865
-0.0283724
-0.00978913
0.00153368
-0.00638434
-0.00312591
-0.021902
0.0310335
-0.0121063
-0.0362006
-0.0315458
-0.0148299
-0.0063951
-0.0423413
-0.0102208
-0.0233474
0.0237554
-0.00249811
-0.0260886
-0.065329
-0.0188619
-0.0323763
0.00757952
0.00483748
-0.0185519
0.00900925
0.04566
0.00173675
-0.0177908
0.0172002
0.00878825
-0.00912147
-0.0293595
-0.0285496
0.0147543
0.0350009
0.0105907
-0.049577
0.00392212
-0.00543124
-0.0235504
0.00880109
-0.0176454
0.0143562
-0.0210821
0.00057882
-0.049968
0.0114689
0.000340566
-0.0100648
-0.00603168
-0.0316665
-0.00440014
-0.033434
-0.0232487
-0.0448726
0.000408949
0.0075787
0.000729846
0.00482798
-0.00555587
0.0157874
0.0174213
0.00183706
-0.0271095
0.0335289
0.0195317
-0.00630397
-0.00687565
-0.0227842
-0.0224395
-0.00395977
-0.0358455
-0.0135105
0.0158129
0.00629302
-0.0239301
0.00438336
-0.0013093
0.0258527
-0.013091
-0.00191698
-0.0222164
-0.0154739
-0.0161193
-0.0243685
0.0131979
-0.0124509
0.00925604
-0.0373063
0.012113
-0.0197923
-0.00572483
-0.0359481
-0.0287482
-0.00587046
-0.0037746
0.00657773
0.0189962
-0.0108033
0.00860098
0.00700979
-0.0241315
-0.0448948
-0.0112922
-0.0163158
-0.00855026
0.0186339
0.0130884
-0.0170196
-0.00120232
-0.048354
-0.0101715
0.00210991
-0.0208875
-0.00317402
-0.036746
-0.0181833
-0.0174223
0.0228963
-0.00169992
-0.0248894
-0.0171357
-0.0470254
-0.00258257
-0.0324993
-0.00647976
-0.00067869
0.00963011
-0.00212168
-0.00524097
-0.00372071
-0.0114716
0.00829053
0.00560965
-0.00256064
-0.00836067
0.0331739
-0.0109294
-0.000730327
-0.0109244
-0.0347372
-0.0062646
-0.000256188
-0.0199221
0.0104954
0.0266475
0.00165644
-0.0371474
-0.0224093
-0.0305249
0.017352
-0.0169339
0.00455184
2.75949e-005
0.00249561
-0.0181484
-0.0255273
-0.0237813
-0.013614
0.00217992
-0.0528513
-0.00807181
-0.00931332
0.00405122
-0.031709
-0.0346056
-0.0247649
-0.0212181
0.0202681
0.027372
0.00201088
0.015332
0.0237815
-0.0331168
-0.0451213
-0.0254259
-0.0188454
0.0121856
0.0310757
-0.0110479
-0.0117586
-0.00440219
-0.0361936
-0.0463201
-0.00957622
-0.00345053
0.00854899
-0.0439705
-0.0184129
-0.018597
0.00163318
-0.031959
-0.0531485
-0.00971164
-0.0095352
-0.017373
-0.0471751
0.00416874
0.00121472
-0.000763417
-0.0390861
-0.0296776
-0.00331688
-0.00240824
0.0107018
0.0354937
0.00139605
-0.013005
-0.0211528
-0.0241635
-0.0278796
-0.015661
0.00717722
-0.0197814
-0.001558
-0.009688
-0.0167999
-0.0262476
-0.0177291
-0.043027
0.000255513
0.0122096
0.0200734
-0.0226688
0.0288968
0.017696
0.0145089
-0.0281123
-0.0507438
-0.00350853
-0.017827
-0.0155075
-0.0454818
-0.0110858
0.00838758
-0.00755877
-0.0364375
-0.0160937
0.0152372
0.0359606
0.0303378
0.0251082
0.0329083
0.029674
0.0116029
-0.0197184
-0.0200923
-0.00252204
0.0107163
0.0173617
0.00809212
-0.00280774
0.0116038
-0.00590726
-0.0323115
-0.00720569
0.016266
0.0102659
-0.00806134
-0.033881
0.00220376
-0.00383217
-0.0045531
-0.00189612
0.000314512
-0.0132441
-0.00690193
-0.0220981
-0.0406212
-0.0256646
-0.0381618
-0.0228376
-0.00390892
-0.00266301
0.00905122
0.0406799
0.0177368
0.0182728
0.0126429
0.00642251
0.0212668
0.00613844
-0.0212537
-0.0209245
0.0137472
-0.0225185
-0.0127403
-0.012134
-0.0240993
-0.00265169
0.00277403
0.0370479
0.0022119
-0.00835681
0.00503755
-0.0854417
-0.0185672
-0.0356086
-0.0157775
0.0357933
0.00115925
0.00420532
0.010317
0.0190469
-0.0851456
-0.015591
-0.0121396
-0.000407031
0.0203186
-0.00266303
-0.0287007
-0.00348292
0.000919704
-0.0420897
-0.0106062
-0.00900894
-0.0119571
0.0127354
-0.0183626
-0.0250505
0.000623729
0.0112759
-0.0425791
-0.0144858
-0.00625662
-0.0155407
-0.0243516
0.0419433
-0.00157275
-0.00741066
0.0562925
0.0436908
0.0443148
-0.0143755
-0.00593904
0.0273544
0.0552435
-0.00740668
-0.0183721
0.0350925
0.00239789
0.0331802
-0.00201998
-0.0114376
0.0432476
0.0162933
-0.0332087
-0.0136241
0.0573436
0.00526013
0.0393498
-0.000776218
-0.0163273
0.0197369
0.0266093
-0.031935
-0.00633343
0.0143698
0.0124601
0.0230092
-0.0162197
-0.0228429
0.0175915
0.0494391
-0.0177598
-0.0194418
0.0201903
0.00182085
0.0311964
-0.0167931
-0.0221716
0.0457501
0.029979
-0.00296328
-0.00890527
0.017526
0.0209363
0.0441884
0.0242348
0.00300984
0.054392
0.0308159
-0.0161077
0.0199745
0.038125
0.00706696
0.0251556
-0.0493505
-0.0526631
0.0167853
0.075924
0.00670266
0.0207687
0.0366347
-0.0188563
0.00357142
-0.0363652
-0.0372654
0.043864
-0.00363362
-0.00476901
-0.00553237
0.0414579
0.0240507
0.0349247
0.0216238
-0.000885413
0.0101709
-0.020916
0.00269477
0.0112618
0.0298368
-0.000142394
0.016892
0.0249382
0.0146491
-0.0112483
0.0348181
-0.01045
-0.0103782
0.0137964
-0.0296653
0.0129708
-0.0111283
0.00841033
0.0436676
-0.00211986
0.00668781
0.0105408
0.0271184
-0.000597866
-0.00273823
0.000402562
0.0310073
0.0108926
-0.0333592
0.00875318
0.0144956
0.00909126
0.0104649
-0.00367567
0.00749747
-0.0075666
-0.0337614
-0.028621
0.0360246
-0.00145957
-0.0545401
-0.0460483
0.000312181
-0.0142666
-0.0313763
-0.0553797
0.00332611
0.0759385
0.0876611
0.0515338
0.014729
-0.0166975
-0.0119412
0.0104349
-0.0190323
0.0204128
0.104921
0.0739552
-0.0270835
-0.0546719
-0.0355972
-0.0551119
-0.0568059
-0.034019
0.0247434
0.0717255
0.00634754
-0.0476998
-0.0252672
0.0112618
0.00493916
0.0100947
-0.0262086
0.0135031
0.0264578
-0.0215509
-0.0672014
-0.0238518
-0.0369131
-0.0384274
-0.00257183
-0.0169201
0.0445449
0.120021
0.0401142
-0.043387
-0.0460048
-0.0220409
-0.0221573
-0.0183873
-0.0223016
0.0381968
0.063152
-0.0342532
-0.0535002
-0.0352009
-0.0494525
-0.0331812
-0.00818452
-0.0259075
0.00961414
0.0379044
-0.00906423
-0.0233551
-0.00746745
-0.0165311
-0.0205094
0.0137211
0.00688591
0.021688
0.0145362
-0.0207575
-0.0446313
-0.0176712
-0.0264366
-0.0301568
-0.00327718
0.00364942
0.0131754
0.0639514
-0.0117962
-0.016015
-0.0348957
-0.0176906
-0.0137828
0.0399268
0.00136438
0.00932235
0.0421474
-0.0135584
-0.0330279
-0.0416922
-0.0479691
-0.00815875
0.0232192
0.00138912
-0.00981955
0.000572371
-0.0242959
-0.015938
0.00453121
-0.0117767
-0.00205198
0.028704
-0.00580609
-0.02756
-0.0151463
-0.013403
-0.00446419
-0.0100578
-0.018868
-0.0265102
0.0250978
-0.0209251
0.0189237
0.0686024
0.00699635
-0.0125503
-0.0262093
-0.0226365
0.00530098
0.0342413
-0.0086093
0.0193043
0.0523148
0.00402498
-0.013697
-0.0254598
-0.0291674
0.00617673
0.0388462
0.00590075
-0.0101009
-0.00342591
-0.0124468
-0.00453186
-0.0141118
-0.0228141
-0.0334035
0.032983
0.0102745
-0.0104891
0.0127634
-0.01217
-0.0190417
-0.0106673
-0.038233
-0.0232813
0.011207
-0.00600795
0.0488265
0.0517949
-0.00381582
-0.00200711
-0.0140839
-0.00736724
-0.00666798
0.0346328
0.0268169
0.0402897
0.0427358
-0.0156052
-0.00838592
0.00506303
0.014114
-0.00128412
-0.00141313
0.0373457
-0.0344194
0.00484026
-0.00388725
-0.00228306
0.0256668
-0.0103598
-0.0164991
0.00832589
-0.0175902
-0.0393404
-0.00715092
-0.0217994
-0.00893797
0.012469
0.00230671
-0.0346956
-0.0228412
-0.0529833
0.0256453
0.0435379
0.0031859
0.00869039
0.0456617
0.0229253
0.00785611
0.0058254
0.0168072
0.0258409
0.0129052
-0.0171207
0.0105859
0.0186615
0.0154992
-0.0077217
0.000389639
-0.000705626
-0.0216012
-0.000718504
-0.0301508
-0.0114546
-0.00706511
-0.00304552
-0.0171954
-0.00852396
-0.0426708
-0.00996265
0.00512267
-0.0177491
-0.00688103
-0.0136774
-0.0133225
0.00668079
-0.017827
-0.041398
0.0474992
0.0344689
-0.00525337
0.0191967
0.0236642
0.0171597
-0.0103128
0.00266013
0.0136398
0.0203025
0.0344276
-0.00124076
0.00437535
0.0224268
-0.0181306
-0.0201278
-0.0127702
0.0137277
-0.0505085
-0.0134692
-0.0318996
-0.00566601
0.0176983
-0.000506351
0.00480589
-0.00169625
-0.0664951
-0.0528162
-0.0293628
-0.037353
0.00288543
0.00903427
-0.00746347
-0.0180676
-0.0133586
-0.0556901
-0.00940036
0.00161882
-0.00400198
0.010427
0.0537137
-0.0111587
-0.0149579
-0.00563651
-0.00855523
-0.014681
0.00373954
-0.0108543
0.0247311
0.0580611
0.00221981
-0.00792247
0.00411762
-0.00729149
-0.0127773
0.00334052
-0.0125142
0.00589187
0.000631867
-0.0150779
-0.0334498
-0.0240804
-0.0332463
-0.00624808
0.0344728
0.0061771
-0.0353764
-0.0508028
-0.0512415
-0.0408557
-0.0263289
-0.0499097
0.0261427
0.0328226
0.00785202
-0.000437273
0.0172793
0.0111001
-0.0138048
-0.00389915
0.00411829
0.0314654
0.0530843
0.0345601
-0.0250936
-0.0128642
0.01163
0.00172181
0.00364437
-0.00689886
-0.0291234
0.0119712
0.00842413
5.46146e-005
-0.0131301
-0.0185777
-0.00184246
0.000449086
-0.0422895
-0.0602887
-0.035688
-0.0112744
-0.00979324
-0.0201015
-0.0305596
-0.0189008
-0.0162757
-0.0754295
0.00984706
0.0502031
0.0487322
0.0229221
0.0404118
0.059761
0.0242438
0.0275056
0.000592425
-0.0269998
0.0122684
0.024343
0.0103546
0.0387864
0.0532322
0.0608908
0.0512922
-0.035309
-0.0373426
-0.0221298
0.0203463
0.00714724
0.0132547
0.00390561
0.0136683
0.0189333
-0.0234441
-0.0408562
-0.0405626
-0.0198248
-0.0412281
-0.0200551
-0.0355556
-0.0287513
-0.032137
-0.0201402
-0.0285797
-0.000283738
0.0267748
0.0606711
0.063532
0.0784382
0.0720778
0.0407898
-0.0267672
-0.0659328
-0.0590097
-0.0293283
-0.0128254
0.0280686
0.0241361
-0.0122328
-0.0425167
-0.0561047
-0.00615981
-0.0214153
0.00333086
0.0107201
-0.0350747
0.00677554
0.00501773
-0.0022633
0.0259656
-0.0220723
-0.015372
0.00930686
0.0346261
-0.0340265
0.0069318
0.000524731
-0.00425828
-0.0126848
0.00284633
-0.0180471
-0.00535163
-0.0113706
-0.0288277
0.00882335
0.0145221
-0.0218256
0.00596243
-0.0232486
-0.0188596
-0.0190608
0.000207947
-0.0436653
-0.0053383
0.00343083
-0.0247396
-0.0161286
0.0130359
-0.0280723
-0.00659137
0.0489271
0.0163037
0.0196996
-0.0302576
-0.0294364
0.0146343
0.0250803
-0.0141875
0.0211466
0.0609912
0.0153592
0.0213374
-0.0530303
-0.0396883
0.0108265
0.0226896
-0.0309338
-0.0280201
0.00945994
0.0164695
0.0343744
-0.0380582
-0.0221218
0.037443
0.0330221
-0.0132038
0.0103346
0.0475965
0.00737111
0.0351962
-0.0482895
-0.0598551
0.0298654
-0.010518
-0.0144582
0.0247418
0.0491243
-0.00987303
-0.021979
-0.0916082
-0.077356
-0.0571606
0.050629
0.0568323
0.0422914
0.0638441
-0.0385903
-0.0368688
-0.0598366
-0.0372166
0.0149698
-0.0211735
0.0388996
0.1088
0.12379
0.045942
0.0189051
-0.0609181
-0.0942799
-0.0646479
0.0722694
0.134751
0.143978
0.136007
0.0403713
0.00743613
-0.013562
-0.00586953
0.0497329
0.0531293
0.0151175
-0.00461827
-0.00949944
-0.0684694
-0.0501515
-0.0284537
0.0195186
0.0501431
-0.0170476
0.0284155
0.0531005
0.0176176
-0.0633814
-0.0450995
-0.0156805
0.0463921
-0.00529317
0.0821649
0.104629
0.0450413
0.025915
-0.0431843
-0.031881
0.0289822
0.0903646
0.0876864
0.00333565
0.0777432
0.0918857
0.0495483
-0.028059
-0.00619204
0.0632569
0.0933372
0.025236
-0.000849566
0.142756
0.177828
0.101743
0.000904983
-0.0300537
-0.0252724
0.0173764
-0.0279786
0.0207476
0.142347
0.103138
-0.000507352
-0.0744179
-0.090596
-0.0851635
-0.0587891
-0.0583748
-0.0598756
0.120764
0.183031
0.118948
0.00781272
0.0146424
0.0592392
0.0521888
-0.0378828
-0.0940465
0.0631661
0.0810872
0.00358857
-0.0838281
-0.0889356
-0.0451306
-0.0476083
-0.129002
0.0728555
0.164309
0.0676883
-0.00572592
-0.0321842
-0.0344218
-0.0146322
0.0170836
0.0164285
0.0362126
0.0796739
-0.0279851
-0.040202
-0.0498908
-0.0161382
0.00545237
0.0273811
0.0114425
-0.0065483
0.079098
0.0330877
-0.0445446
-0.0651396
-0.0421848
-0.0155808
-0.00185826
-0.0532145
0.0119902
0.0237417
-0.0290956
-0.0851564
-0.0920939
-0.0519156
-0.0326339
-0.0101569
-0.00872994
0.0395308
0.081067
-0.00872199
-0.033392
-0.0533811
-0.0282608
0.0048791
0.0552133
0.0548883
0.0457338
0.0750711
0.00233728
-0.0387463
-0.0574493
-0.0376854
0.000724449
0.0476227
0.0466622
0.00646857
0.0383498
-0.0208584
-0.0535417
-0.0873846
-0.0513679
-0.0348896
0.00425567
-0.00738154
-0.00975721
-0.00324602
-0.0336887
-0.0574728
-0.0657523
-0.0401401
-0.034348
-0.00314346
-0.0207379
0.056724
0.0830107
0.011125
-0.0167884
-0.0604738
-0.0325145
0.00481016
0.0452752
0.0499131
0.0732979
0.0836174
-0.0100216
-0.0255464
-0.0448133
-0.037497
0.00641125
0.0342109
0.033768
-0.0263553
-0.00403261
-0.0413587
-0.0316672
-0.0364024
-0.0136918
-0.0128741
-0.00828093
-0.0349853
-0.0394944
0.00456363
-0.0318081
-0.0251043
-0.00138728
-0.0025112
-0.0197094
-0.00669989
-0.0277767
0.0762959
0.0681585
0.009888
-0.020765
-0.0168825
-0.0017343
-0.000481647
0.0478236
0.0656307
0.0837686
0.0392975
-0.0280527
-0.0482993
-0.0196059
-0.00041089
0.00444428
0.0526201
0.0859306
-0.0479762
0.0196459
-0.0105
-0.00475027
0.010062
0.0162892
-0.0056313
-0.00410608
-0.0540352
-0.0440238
-0.0132445
-0.0486907
-0.0577784
-0.0239576
-0.0164325
-0.0274282
-0.00192076
-0.0253517
0.0872805
0.0494607
-0.0361021
-0.0423374
-0.0214018
0.0135307
0.00544966
0.0541403
0.0927503
0.0765622
0.0403145
-0.0439607
-0.0339309
-0.0201226
-0.0149179
0.000108202
0.0403228
0.0630863
-0.00259206
-0.00570139
-0.0747041
-0.0908901
-0.0460445
-0.0275571
-0.0299109
0.0158137
0.00947353
0.0343665
0.00408049
-0.070162
-0.0712636
-0.0443763
-0.0546589
-0.0671991
0.0088807
0.0226979
0.0641482
0.0257354
-0.0424162
-0.038326
-0.0360668
-0.0497131
-0.0251865
0.0290235
0.0465905
0.0384006
0.0285329
-0.0338787
-0.0612111
-0.0336923
-0.0529837
-0.0350171
-0.00524771
0.0436276
0.0495275
0.035782
-0.0624613
-0.0743712
-0.0460112
-0.074385
-0.0613109
0.0162251
0.0169548
0.0639372
0.0446837
-0.0361027
-0.0801404
-0.0714721
-0.0821088
-0.0451816
0.00960136
0.0523025
-0.00932115
0.02866
-0.0288652
-0.0597343
-0.0172774
-0.0273539
-0.0314952
-0.00922986
-0.00357597
0.00385093
0.0244255
-0.0289286
-0.0352295
-0.0166788
-0.0355331
-0.0379782
-0.00457892
0.0244037
0.022737
0.0723569
-0.0258224
-0.087935
-0.062098
-0.0640763
-0.0334176
-0.000520037
0.00651695
0.0338016
0.042158
-0.0450507
-0.0976129
-0.0782187
-0.056594
-0.0341105
-0.00249292
0.0354643
-0.00130256
0.0133641
0.00581907
-0.0467166
-0.0696627
-0.0604616
-0.0419107
-0.00845883
0.00806975
0.0319016
0.0324825
0.0261224
-0.0370537
-0.0694637
-0.0375518
-0.0292344
0.00769777
0.0118371
0.0684664
0.0392455
-0.0189636
-0.0806222
-0.10951
-0.0752046
-0.0516058
0.0179178
0.0652944
0.0971643
0.0772209
0.0345299
-0.0280165
-0.056146
-0.0599633
-0.0385039
0.0434256
0.0868285
0.0090923
0.0487815
0.0376175
-0.0314707
-0.0401862
-0.0131073
-0.0230462
0.000557938
-0.0204134
-0.0452182
0.00725973
0.022001
-0.00975819
-0.0160733
-0.0232548
0.00227113
-0.00141902
-0.0710248
0.0537897
0.089564
0.0459087
0.000849259
-0.0234056
-0.024237
0.00225952
0.0467331
0.0534928
-0.00107307
0.0356965
0.0433521
0.0069096
0.013376
0.0316671
0.032023
0.0398757
-0.0122419
-0.0152801
0.00384333
0.0363112
0.0679715
0.0629841
0.0760912
0.0406495
0.0113867
-0.0430087
-0.0869129
-0.0675054
-0.0481486
-0.035608
0.00214572
0.00976173
-0.0453929
-0.0862566
-0.095095
0.016055
0.0474712
0.0595538
0.0672253
0.0949536
0.121377
0.0794609
0.0447633
-0.00749769
-0.0809613
-0.071305
-0.067151
-0.0505593
0.00327347
0.0296315
-0.0312254
-0.0878506
-0.0726895
-0.00941789
-0.0188628
-0.0109283
-0.00184549
-0.0161332
0.0209033
-0.00351398
-0.0192129
-0.0109751
-0.0347774
-0.0157558
-0.00218658
-0.0102341
-0.0459395
0.00593169
0.00385902
-0.0140527
-0.0324187
-0.00570253
-0.0221458
-0.0317728
-0.0120143
-0.0297268
0.0396987
0.0175081
-0.0268931
-0.00213466
0.00175685
-0.0180937
0.00356049
-0.0101439
-0.0470131
0.0130705
0.0219358
-0.00305018
-0.01165
0.0402215
-0.0334745
-0.0427071
0.00133556
0.0161062
0.0106163
-0.0706901
-0.0454129
0.0368258
0.0447983
-0.0247316
-0.003815
0.0596847
0.0457912
0.0473617
-0.040929
-0.0636986
0.0380939
0.0392074
-0.0278158
-0.0466294
0.0236044
0.0374716
0.00461693
-0.0619986
-0.0506515
0.0310935
0.0465046
-0.044698
-0.0339108
0.0552576
0.0644928
0.0710881
-0.015629
-0.0418433
0.0375878
-0.0535198
-0.0286493
0.0392196
0.102271
0.0631573
0.0645019
-0.0206932
-0.0726564
-0.0687196
0.0136545
0.0872864
0.114502
0.121451
0.0519438
0.0776643
0.0355495
0.015859
-0.0220093
-0.0608218
-0.0814156
-0.0402549
0.0546601
0.0671265
0.126598
0.0524784
-0.0279636
-0.0556166
-0.0173253
0.00905668
0.0232731
0.0767179
0.0497566
0.1227
0.127072
0.0980971
0.00151026
0.0263509
0.0961191
0.0574783
0.0390845
-0.0330204
0.0100936
0.0413721
0.0722129
0.0165142
-0.0551697
0.0490572
0.0736845
0.0395312
-0.0148796
0.0174155
0.0866482
0.075114
-0.0358554
0.0201816
0.0599792
0.0246192
0.00971212
-0.0325651
0.0349405
0.0633623
0.110223
0.0364012
-0.0333894
0.0688518
0.0938216
0.0288423
0.00910923
0.0364781
0.0966426
0.0633232
-0.0419994
-0.0993337
0.0889907
0.156388
0.113152
0.0402249
0.0698864
0.118655
0.0628942
-0.0756728
-0.153023
-8.81565e-005
0.0371396
-0.0100588
-0.0494351
-0.0328444
0.00900389
-0.0372106
-0.153938
-0.0715801
0.0798456
0.138643
0.0906201
0.064816
0.126853
0.18608
0.116913
-0.0898727
-0.151317
-0.0213382
0.0282613
-0.0209287
-0.0479146
0.00988836
0.0561559
-0.000326814
-0.144985
-0.0389994
0.0518007
0.040184
-0.00197781
-0.0432078
0.00435777
0.0307483
0.0305087
-0.0563929
-0.00989253
0.0174739
-0.000709253
-0.0512157
-0.0738287
-0.0292553
-0.00843772
0.015619
-0.0187415
-0.0522985
0.044626
0.0466731
0.0147396
-0.0437872
-0.00458837
0.050053
0.0569676
-0.0430979
-0.0295502
0.00383549
0.00797902
-0.0284083
-0.0783518
-0.0574462
-0.00876106
0.0141152
-0.00549876
-0.0174199
0.00976005
0.00546275
-0.0157758
-0.0364662
-0.00159917
0.00181642
0.0218268
0.00340107
-0.0331945
0.00745789
-0.0023714
0.00131148
-0.0102091
-0.000364581
-0.00709903
0.00244732
-0.0424604
-0.0116019
0.0167348
-0.0131792
-0.0250345
-0.0431998
-0.0227254
0.0116484
0.0100553
-0.0133922
-0.0122871
0.0170421
-0.0186765
-0.0182953
-0.0240512
-0.0237396
-0.0148203
-0.0023106
-0.0312615
-0.0741985
0.0175075
0.00291463
0.0288142
0.0280233
0.0324738
0.0182294
0.00169101
-0.0838235
-0.0881933
0.00210579
0.00109672
0.0400004
0.0512719
0.0656512
0.0259105
0.00892791
-0.0887692
-0.0542394
0.0167431
0.0113585
0.0142657
0.0139438
0.00804363
-0.0137112
-0.00133391
-0.0802558
-0.0757761
0.020947
0.0203363
0.0581906
0.0321618
0.0299947
0.0159761
0.00288168
-0.0833275
-0.106645
0.013217
0.0175086
0.0654016
0.0986496
0.0901326
0.0421672
0.0366406
-0.0969972
-0.103039
0.00859019
-0.03089
0.0125631
0.0563832
0.0273327
0.0084707
0.00530471
-0.107191
-0.0885385
0.0277775
0.0275599
0.0884032
0.0881302
0.0635893
0.0274003
0.0276989
-0.0815765
-0.0934824
0.00190611
-0.00896591
0.0244449
0.0446724
0.0238311
-0.00274816
-0.0245273
-0.0991695
-0.047676
0.0122651
-0.0329904
-0.0305333
0.00789365
0.0100827
-0.00419437
0.0255664
-0.038977
0.00661503
0.0481829
-0.0239001
-0.0287491
-0.0109752
-0.00769738
-0.0170384
0.0379982
0.00433149
-0.0275047
0.0202511
-0.0260928
-0.0126663
0.00547333
-0.00789187
0.0083004
-0.00512164
-0.0603832
0.00177902
0.0436683
-0.0211427
-0.0216384
-0.0138731
-0.0282566
0.00911621
0.0477085
0.00919288
-0.00815014
0.0540904
-0.0356044
-0.0454022
-0.0381682
-0.0586974
-0.0476061
0.0250588
-0.00323754
0.0460426
0.079833
-0.0016391
-0.0456362
-0.057983
-0.061917
-0.0256596
0.0498049
0.0446957
-0.00999491
0.040275
-0.0363885
-0.0492611
-0.0420526
-0.0870297
-0.0419588
0.0328066
-0.000487021
0.0522201
0.0482595
-0.027113
-0.0429805
-0.0507699
-0.0760224
-0.0106044
0.0710865
0.0500253
0.0123351
0.0675535
-0.0273824
-0.064881
-0.0495507
-0.0607634
-0.0417839
0.0304635
-0.00218363
0.042738
0.0500261
-0.0517499
-0.072726
-0.0640661
-0.0325679
-0.0281813
0.0371877
0.0226268
0.0175069
0.0217217
-0.054851
-0.0711256
-0.0561383
-0.0795841
-0.0360678
0.0701877
0.0319461
0.0568466
0.0321135
-0.0522449
-0.0558956
-0.0696545
-0.069012
-0.0516992
0.0471243
0.0612844
0.0439413
0.030476
-0.034137
-0.0778378
-0.0983634
-0.0663389
-0.0519304
0.0143339
0.0548575
0.0696741
0.0629589
0.0139953
-0.0271472
-0.0657418
-0.0679009
-0.0346424
0.0448405
0.0761167
0.0679423
0.0203933
-0.0597067
-0.0672733
-0.119252
-0.0943345
-0.0538286
0.0124901
0.0625554
0.0989345
0.0592506
-0.0178856
-0.0599318
-0.0891309
-0.0748899
-0.0333095
0.0634613
0.0954325
0.0107015
0.0355292
0.0125724
-0.00515787
-0.0471669
-0.0214637
-0.00550279
0.0297604
0.0294618
-0.037903
0.0180422
0.0220453
0.0014194
0.0122914
0.0327899
0.0352837
0.0127
-0.0295402
0.0412123
0.0294749
0.000295632
-0.023354
-0.0456961
-0.0121628
0.00704238
0.0612168
0.0380916
-0.027198
0.0240223
0.0212234
0.0204212
0.0103109
-0.00210253
0.0205482
0.021986
-0.0290182
-0.0126313
0.0274807
0.0518785
0.0841431
0.106785
0.115269
0.0548471
0.0153089
-0.0227421
-0.105657
-0.0766208
-0.0473511
-0.0336377
-0.0071845
0.00262485
-0.0238899
-0.078697
-0.0886862
-0.00357096
0.0353989
0.0617871
0.130377
0.0971349
0.0668501
0.0490159
0.0208722
-0.0155324
-0.0777101
-0.0869423
-0.0269487
0.0171909
0.00912971
-0.0324189
-0.0616408
-0.0917513
-0.0924959
-0.0266761
-0.0308658
0.000547868
0.00107872
-0.0289233
0.0265898
0.0206579
-0.0248491
-0.00378443
-0.0183429
-0.022343
0.00233951
-0.014129
-0.0476304
-0.000264982
0.00829437
-0.00657378
-0.0112487
-0.00257925
-0.038163
0.0256434
0.0328756
-0.00931003
0.0125584
0.00835591
-0.0215725
-0.00680385
-0.0416102
-0.0243129
0.0162231
-0.00216248
-0.0355163
-0.00029478
0.016972
-0.00588557
-0.0222767
-0.00205227
-0.035661
-0.0424919
0.0174432
0.0493004
0.0350945
-0.0210199
-0.0281953
-0.00632624
0.0122942
-0.0561809
-0.0494288
0.0225903
0.0356913
0.0674345
0.01098
0.000614107
0.0381557
0.00284759
-0.0231021
-0.0307658
0.011582
0.0188007
0.0593102
-0.00845496
-0.0246072
0.0137373
0.0152224
-0.0251505
-0.0622267
-0.00685683
0.0198588
0.0559167
0.0180274
-0.00165526
0.035454
-0.0523873
-0.0865845
-0.0674593
0.00264197
0.048914
0.118243
0.0854982
0.0388684
-0.0133607
0.0248737
-0.0102687
-0.0259245
0.0045998
0.0157312
0.12596
0.145941
0.150876
0.0558203
-0.0482304
-0.0796878
-0.088851
-0.0464228
-0.00289535
0.050344
0.0413395
0.0113625
0.00380415
0.0175757
-0.0344913
-0.0500771
-0.0202639
-0.00717938
0.0582767
0.0565416
0.0603783
0.0488251
0.0573865
0.0492076
-0.00177968
-0.0339284
-0.0529641
0.0275837
0.0484931
0.112614
0.0724101
0.0206389
0.0710375
0.0493343
-0.0221295
-0.0253683
0.0728184
0.10925
0.0883302
0.00343094
0.0418077
0.0132709
-0.021721
-0.0387361
-0.0528972
-0.00362341
0.0142267
0.0261295
0.0472271
0.0131804
0.0319889
-0.00134845
-0.0524423
-0.048083
0.0266624
0.0686402
0.0235366
-0.000643112
-0.0649103
0.0279121
0.0529581
0.0097418
-0.00230798
0.126155
0.204993
0.141247
-0.0760093
-0.135219
-0.0444285
-0.0182643
-0.0679301
-0.0874643
0.0168538
0.0973072
0.0821224
-0.0683987
-0.0293394
0.00380211
-0.0108597
-0.0534701
-0.0137573
0.0878228
0.178982
0.135767
0.00807349
-0.0620348
-0.0541015
-0.062623
-0.087501
-0.0864157
0.00876336
0.109968
0.132607
0.0250891
-0.0554794
0.0147009
0.00485662
-0.0158655
-0.0714302
-0.0341992
0.0384017
0.0802339
-0.0096652
-0.0225389
-0.000419403
-0.0404499
-0.0645228
-0.122986
-0.0876665
-0.0467845
-0.00878688
-0.0216505
0.0298289
0.0171014
-0.01078
-0.0409598
-0.0382045
-0.00291621
0.0716443
0.161617
0.100235
0.0363896
0.0312303
-0.0150736
-0.0560199
-0.0838829
-0.0619358
-0.0258659
0.0629084
0.0490865
-0.0109955
0.0197602
-0.040494
-0.0672181
-0.0872045
-0.0470855
-0.0184427
0.0304745
-0.00800889
-0.00794562
0.0222466
-0.049137
-0.0613591
-0.0594643
-0.0669595
-0.0332642
-0.00052795
-0.0135956
0.0574851
0.0820025
0.00411731
-0.0377012
-0.0565899
-0.0470288
-0.0126428
0.0634033
0.0235013
0.0439998
0.0553108
-0.0176289
-0.04099
-0.0305692
-0.0508321
-0.0131904
0.0601189
0.0397234
-0.0311831
0.00852964
-0.02696
-0.0212046
-0.0422134
-0.0412208
-0.0323593
0.00444165
-0.0299804
-0.0386218
0.00545674
-0.02407
-0.0126323
-0.031396
-0.0335731
-0.0248815
0.0192235
-0.0389184
0.0431252
0.0394153
-0.0114894
-0.00780426
-0.0302118
-0.0292934
0.00443898
0.0975033
0.0535001
0.0276041
0.0258643
0.0107812
-0.0135637
-0.0325263
-0.0369658
0.000997572
0.0975351
0.0563191
-0.0623982
0.00321969
-0.0170895
0.00501704
-0.0260681
-0.0398088
-0.0247552
0.016494
-0.0361876
-0.0394558
-0.0127487
-0.0424228
-0.027376
-0.016818
-0.0560829
-0.0518228
-0.03712
-0.0507303
0.0564184
0.0521201
0.0166711
0.00122829
-0.0486643
-0.0567653
-0.00431673
0.0721507
0.0751959
0.0820266
0.0538176
0.00442555
-0.00386386
-0.0180595
-0.0590089
-0.0263922
0.0515927
0.0806262
-0.011996
0.0118327
-0.0366426
-0.0361376
-0.041682
-0.0664462
-0.0528365
-0.0258972
-0.0414804
0.00829282
0.00593495
-0.0588229
-0.0496178
-0.0386388
-0.0596312
-0.0409072
2.39632e-005
0.000687794
0.0743546
0.0576255
0.0120756
0.00123092
0.00724039
-0.0472464
-0.040293
0.052329
0.0699206
0.0221373
0.0306053
-0.00482391
-0.0261982
0.00890286
-0.0390234
-0.0405488
0.026411
0.0461957
0.00492867
0.0234794
-0.0338252
-0.0582215
-0.0445328
-0.0637325
-0.0377158
0.0219269
0.031912
0.0410655
0.00537435
-0.0536941
-0.0735579
-0.0781335
-0.0776089
-0.025118
0.0437178
0.0609672
0.0113131
0.0256439
-0.0139921
-0.0359173
-0.0155072
-0.0326436
-0.0509584
0.0202597
0.0375824
0.0195837
-0.0133152
-0.0384835
-0.0651852
-0.0503038
-0.0637783
-0.04816
0.003598
0.024442
0.0240078
-0.00174265
-0.0461402
-0.0689295
-0.0703388
-0.0778862
-0.0303976
0.06998
0.0352106
0.0507234
0.00937241
-0.0351751
-0.0577797
-0.0853204
-0.0856055
-0.0438515
0.0451762
0.0482412
-0.00538936
-0.0202616
-0.0522352
-0.0361135
-0.0327791
-0.0593662
-0.0404378
-0.00648397
-0.00999825
0.0249695
-0.0160025
-0.0476303
-0.0325092
-0.00682715
-0.0265438
-0.0345349
-0.00259803
0.00965749
0.0535212
0.0176817
-0.0528139
-0.0689271
-0.118692
-0.0827165
-0.0321055
0.0439804
0.0756674
0.088194
0.0350415
-0.0350268
-0.076822
-0.0791917
-0.0395309
0.00751201
0.0769639
0.0891452
0.00432181
-0.019703
-0.0560615
-0.0568802
-0.0611407
-0.0282123
-0.00944753
0.00209957
0.00735545
0.00108441
-0.014775
-0.029379
-0.0477071
-0.0321165
-0.0130873
0.0259346
0.0305955
0.0386906
0.018812
0.0255354
0.0068171
-0.0350346
-0.0286768
0.000313044
0.0344707
0.0901276
0.0433273
-0.0338226
0.0222531
0.0234447
0.0186849
0.00830279
0.0171889
0.0569468
0.0491202
0.000255889
-0.0301014
-0.0039102
-0.00797445
-0.00113484
-0.0113002
-0.00683408
0.0306426
0.0444837
0.00767991
-0.079316
-0.0189422
0.00368174
-0.00272572
-0.00552381
0.00237277
0.0271352
-0.000147057
-0.0529128
-0.00676535
0.0467411
0.0695908
0.133197
0.103416
0.0693013
0.0686478
0.0365821
-0.00778329
-0.0653452
-0.0621284
-0.0280432
0.045301
0.0131776
-0.0466132
-0.0676493
-0.0713931
-0.0853148
-0.0279664
0.00560433
0.0513451
0.0911273
0.072512
0.0515715
0.0471619
0.00900675
-0.0324331
-0.0692673
-0.0681469
-0.0313716
0.0070054
-0.0106616
-0.0515004
-0.0582258
-0.0866866
-0.0955801
-0.00585799
-0.0170524
0.0135796
0.0455869
-0.0217326
0.0030401
-0.00871861
-0.0192519
-0.0188918
-0.0402668
-0.0117088
0.0107099
-0.0103889
-0.05173
-0.00125352
0.0207589
-0.0111035
-0.0304576
0.0040711
-0.00318654
-0.00254168
0.0191278
-0.0293706
0.00657715
0.00545038
-0.0266647
-0.0110056
-0.0195719
-0.00935179
0.008184
-0.00234435
-0.0445409
-0.0156549
0.0267396
-0.0158813
-0.0241354
0.0209905
-0.0197105
-0.0159552
0.0197365
-0.00266825
0.0474971
-0.0162112
-0.0403202
0.00699864
0.0274449
-0.00472753
-0.0349032
-0.0166788
-0.0241975
0.0111913
0.00110812
-0.0161681
0.0305092
0.0336699
-0.0127213
-0.0190477
0.0444202
0.0307317
0.0635496
-0.0130522
-0.0082779
0.0383021
0.0387726
-0.00786643
-0.0118595
0.0212103
-0.0215799
0.0456163
-0.0122042
-0.0223279
0.0450152
0.0139266
-0.0379537
-0.0442532
-0.000555946
-0.0165412
0.0150053
0.0334261
0.000265125
0.0301514
0.0331869
-0.0260042
-0.0248082
0.0111521
0.00480746
0.0286159
0.0391661
0.0125502
0.0603855
0.0387463
-0.00628957
-0.0191095
0.0193052
-0.0161154
0.00934293
-0.0173691
-0.0304909
0.0169272
0.0227748
0.00682787
0.0150162
0.049152
0.0254073
0.0243792
-0.00896969
-0.0229124
-0.00359858
0.0250873
0.0192116
0.0165307
0.013648
0.00954544
0.0364736
0.0156014
0.00516302
0.0167977
-0.00539997
0.0271818
0.0291133
-0.00562463
-0.00696538
0.0267896
0.023741
0.0140526
-0.0109999
0.00848019
0.00703823
0.013382
0.0290367
0.0137865
0.058009
0.00454354
-0.0164506
-0.0122497
-0.0172563
0.0172093
0.008982
-0.0030519
-0.00763657
0.0287405
0.00599976
-0.0166803
-0.0262964
-0.00807301
0.0165866
0.0269621
-0.00850838
0.000708829
0.0380533
0.07865
0.0681143
-0.00161606
-0.020802
-0.0179139
-0.0168164
-0.0232584
-0.0581485
-0.010938
0.0596649
0.11535
0.0335125
-0.0318384
-0.000936299
-0.0113969
-0.00297095
0.00320727
0.00279571
-0.00224779
-0.00628997
-0.0329579
-0.0487778
-0.0177353
-0.0348946
-0.0200098
-0.0430607
-0.0418721
-0.0198863
0.0306644
-0.00749386
0.0050093
0.0049879
-0.00932841
-0.0273705
-0.0595498
-0.0326899
0.0394006
0.13675
0.0811199
-0.0123853
0.00136573
-0.0315789
-0.0652452
-0.0833409
-0.0629504
-0.00967716
0.0881281
0.0467659
-0.0202966
0.00623928
-0.0144434
-0.00961168
-0.0340464
-0.0606685
0.00376297
0.0662682
0.0479272
-0.0187817
-0.00636106
-0.0493472
-0.052348
-0.0689095
-0.0900681
-0.018579
0.0319059
0.036851
-0.00766435
0.038855
-0.0201646
-0.035609
-0.0513858
-0.0435176
-0.0111217
0.0581761
0.012372
-0.0208134
0.0230428
-0.0178873
-0.0344811
-0.00826255
-0.0305574
-0.0233517
0.0256233
-0.00673903
0.0038182
0.020445
-0.0374916
-0.0299041
-0.0364874
-0.0464509
-0.013874
0.0468103
0.020166
0.0107598
0.0133005
-0.0423159
-0.0332299
-0.00193811
-0.0244853
-0.0254627
0.00522298
0.0176
-0.00152952
0.0252129
-0.0124644
0.00218314
0.0115809
-0.0131479
-0.00406352
0.0728424
0.0304041
-0.00191401
0.0213423
-0.00529818
-0.0293714
-0.0244691
-0.0228837
0.00134355
0.0677747
0.0206554
-0.00151894
0.0260787
-0.0123007
-0.00634744
0.014353
-0.00618517
-0.0209572
0.00482836
0.00844894
-0.0199832
0.0105562
-0.0165465
-0.0268742
-0.0198305
-0.032022
-0.020994
0.00679339
0.0119688
0.00627166
0.027071
0.0147163
-0.0167731
-0.0388835
-0.0195593
0.0138005
0.072981
0.0431399
0.0275996
0.0199509
0.0316759
0.00340356
-0.0064839
-0.017272
0.014289
0.0686409
0.0251786
-0.00560245
0.0147688
-0.00223694
-0.0244146
-0.0380866
-0.0194608
-0.0021004
0.0209094
0.00308611
-0.0115798
0.0122908
0.0227246
-0.0131045
-0.00229729
-0.0227257
-0.00839283
0.0377549
0.000193102
0.00765337
0.0124819
0.0307422
0.029235
0.0512019
-0.00327023
-0.00251705
0.049414
0.0118195
-0.0303336
0.00134026
0.00388069
-0.00363829
0.0271592
0.00284155
-0.0220474
0.000206268
0.00228445
-0.0256053
-0.00744391
0.0044696
0.0182659
0.0461033
-0.00173489
-0.0107469
0.00400146
-0.0252332
-0.0577407
-0.0422771
-0.0473997
-0.0152682
0.0175297
-0.0171736
-0.0264829
-0.0192974
-0.0440593
-0.0268646
-0.000631615
0.000195287
0.0106011
0.0341992
0.0117227
-0.030586
0.0222501
0.0254717
-0.0172898
-0.0246311
-0.0104445
-0.00772372
0.0112408
-0.0111371
-0.0272502
0.00888896
0.00172533
-0.0441993
-0.0167207
-0.043655
-0.0239996
0.00454339
-0.00548344
-0.0340411
-0.00802735
-0.0144896
-0.0304514
-0.0348195
-0.0272754
-0.0209816
-0.00536777
-0.00270918
-0.0517631
-0.0266931
-0.0270545
-0.0224406
-0.00640874
-0.0120749
0.00385046
0.0296742
0.000430591
-0.0044574
0.0033306
-0.00797886
0.0141497
0.0022798
-0.0150456
0.00634374
0.0345545
0.0267715
-0.0177899
0.00281208
0.00252723
-0.0587663
-0.0238333
-0.0302073
-0.0115135
0.000392246
-0.00239437
-0.0260419
-0.0109393
-0.061994
-0.0441303
-0.0193654
-0.0434755
-0.0189462
-0.00522021
0.0108459
-0.0191832
-0.024341
-0.0376415
0.0172537
-0.00171539
-0.0205225
-0.00221258
-0.00843649
0.00947074
0.00477124
0.0160197
0.0171897
0.00136457
0.0152743
0.011587
0.0112237
-0.000244574
0.00615489
0.0414262
0.0314598
0.0155438
-0.0323417
-0.0149201
-0.0342299
-0.0227913
-0.0201767
0.00696467
-0.0157594
-0.0175594
-0.031374
-0.0425502
-0.00110959
-0.0218893
-0.0306396
-0.0164664
-0.0100523
0.0136435
-0.00706281
-0.0324121
-0.000477385
0.0443594
0.0468411
0.0409028
0.0446866
0.0323289
0.0464882
0.0366119
-0.00483151
-0.0222809
0.0350086
0.0518735
0.0347929
-0.00534742
0.0224268
0.0195742
0.0105237
-0.023063
-0.04673
0.0192786
0.0181543
-0.0177957
0.00545284
0.00688474
-0.0016241
0.000248663
-0.0550437
-0.0344796
-0.00749799
8.99066e-005
-0.0348836
-0.0517426
-0.0371496
-0.0389627
-0.0392921
-0.0363143
0.00887033
0.0205198
0.0681861
0.0917788
0.0313711
0.0389947
0.0454848
0.0151283
-0.00605459
-0.0251999
-0.0339555
-0.00528258
0.00855494
-0.0256981
-0.036082
-0.0173338
-0.052904
-0.0600884
0.00390425
0.0165354
0.022035
0.0179111
-0.0139721
0.00383493
0.0234676
-0.0108345
-0.00408602
-0.0195904
-0.036974
-0.0344181
-0.0395073
-0.0390939
-0.0267414
-0.0032424
-0.0327775
-0.029818
0.0248857
-0.00441084
0.00608807
-0.00430374
-0.0523869
-0.0153091
0.00958357
-0.0291925
0.000603492
-0.0256172
-0.0192395
0.00494344
-0.0118711
-0.0645623
-0.0166298
0.00522184
-0.0306222
-0.0278492
0.0348563
-0.0100085
0.00833141
-0.0105226
-0.0483708
0.0302304
0.0270731
-0.0236592
0.0200946
-0.0176378
-0.0134745
0.00446127
0.00231865
-0.0566372
0.00234801
0.0109575
-0.0384001
-0.0222141
0.0109657
-0.043772
-0.0435794
0.0238786
0.0304423
0.0639673
-0.00599717
-0.0231166
0.0107123
0.0167055
-0.0388852
-0.0333268
0.0160809
0.00506516
0.0483798
-0.0102142
-0.037649
0.0118436
0.0186526
-0.0322982
-0.0480932
0.0220325
-0.0136912
0.0906395
0.0177629
-0.0183802
0.0055258
0.0544807
-0.0178439
-0.0473334
0.011081
-0.0381356
0.0515956
0.00762198
-0.0215724
0.0499014
0.014625
-0.019967
-0.0186345
0.0125889
-0.0137894
0.0223431
-0.00796908
-0.0433049
-0.00864364
0.0148576
-0.00773771
0.00771649
0.0397123
0.031627
0.043419
0.00217199
-0.0372822
-0.00421348
0.0526853
-0.000621133
-0.0106251
0.0248607
-0.044731
0.0380305
0.0194568
-0.0154097
0.0337201
0.0471451
0.0248733
0.0204861
0.0405688
-0.0232816
0.079833
0.0348324
-0.0158673
0.0272532
-0.000577458
0.00972924
-0.00828841
0.0214811
-0.00513082
0.0597509
0.0130538
-0.0235861
-0.0208521
-0.000199292
0.0300074
-0.0103446
0.00954319
-0.0136743
0.0091993
-0.00365849
-0.0327407
-0.0232238
0.0529423
0.0391599
0.00667584
0.0481943
-0.0590983
0.0652314
0.022624
-0.00681134
0.021111
0.0443998
0.0468132
0.0309736
0.0380324
-0.0788852
0.00445786
0.00232289
-0.00532683
0.0116474
-0.00998064
0.0212082
0.00655108
0.0179041
0.0182289
0.0262711
0.00332902
-0.00451548
-0.0108851
-0.0367373
-0.00788991
-0.02215
-0.00412299
-0.00295048
-0.0161545
-0.043956
-0.0384892
-0.0423363
0.0282022
0.0371054
0.023703
0.0390562
-0.050715
0.0128249
-0.00162871
0.0243278
0.0159302
-0.00343085
0.0124148
-0.0269017
0.0174182
-0.0629589
0.00248756
-0.0222784
-0.00606519
-0.00276342
0.00770688
0.0537627
0.020763
0.0235984
0.0234854
-0.01719
-0.0207902
0.0123955
-0.0216036
0.000137241
0.0103257
-0.0088187
0.00205304
-0.0137781
-0.0577566
-0.0297654
-0.0232818
-0.0213301
-0.00176064
0.0296409
0.00599733
0.0337896
-0.0318259
0.0323613
-0.0165359
0.0150248
-0.00562819
0.00534647
0.00254017
-0.0140831
0.0344412
-0.0380635
-0.0148623
-0.0424573
-0.042954
-0.0186464
-0.013484
0.0179261
-0.00811649
0.0234715
-0.00474051
-0.0301842
-0.0240724
-0.00663743
0.00553998
-0.00661016
0.0100178
-0.0255862
0.00850666
0.0112901
-0.00692277
-0.0202368
-0.000855333
-0.00170974
-0.0101312
0.0132564
-0.00356046
0.0559602
-0.0275234
-0.00449161
-0.029138
-0.0524725
-0.0256474
-0.0343249
0.00732799
-0.00118914
0.0243908
-0.0349324
0.0067295
-0.0265876
-0.058843
-0.0405662
0.0127529
0.0341405
-0.0104284
0.00963781
0.0477906
0.026044
-0.00424956
0.00405231
-0.0120123
-0.00176132
-0.000286296
-0.0478447
-0.00826302
-0.00445928
-0.00555175
-0.0251183
-0.00696618
-6.84529e-006
-0.0117736
0.0088668
-0.0153002
0.0131706
-0.0295642
0.0518784
0.0047112
-0.0128544
-0.024779
-0.021755
-0.00458213
-0.0680498
-0.0208729
-0.0606502
0.040707
0.00514319
0.00885623
-0.034387
0.000616296
0.0299361
-0.0136755
0.00773957
-0.0111383
0.0102099
0.00695965
0.0240522
-0.00541961
-0.0131036
0.0180718
0.00182251
-0.00714453
-0.0208496
-0.0160736
-0.0157054
0.013009
-0.0143519
0.0023573
0.0342256
-0.0420978
0.00855844
-0.0496741
0.0333731
0.00493244
0.0119959
-0.0264104
0.0061715
0.0249402
-0.0322054
-0.000612961
-0.0504334
-0.00218873
-0.0113857
0.00629798
-0.034873
-0.031586
-0.0140217
0.0219528
0.0289203
0.0330391
0.0108428
0.00589072
0.00266794
-0.0283609
-0.049634
-0.0176582
-0.0321349
-0.00223278
0.00768237
-0.00358563
0.00259121
-0.00994231
-0.0395007
-0.0156485
-0.00322465
-0.0207321
-0.00513
-0.0130665
0.0281241
0.00324896
0.0122211
-0.0413747
-0.0264042
-0.0117029
-0.0237481
-0.00766589
-0.0566506
0.00290011
-0.0158538
0.00893816
-0.0352544
-0.0313812
0.00559341
-0.0378531
-0.0213586
0.00878213
0.0275299
-0.00930509
-0.0058849
-0.0210927
-0.0124581
0.00301904
-0.0188964
-0.0112184
0.00527443
0.0192701
-0.0343975
-0.0287684
-0.0280035
-0.0201319
0.00536733
-0.0360797
-0.00595587
-0.0594599
0.00760987
-0.0279129
-0.00183129
-0.022406
-0.018396
-0.00381419
-0.0186426
0.00626281
-0.0380026
0.0137227
-0.0308142
-0.0338119
-0.0280179
-0.0330296
-0.00119413
-0.00952226
0.0160402
0.0144473
0.0223627
0.00621068
-0.0140976
-0.0553627
-0.0549184
-0.00967029
-0.0164464
0.00392539
0.0122228
0.0192551
0.0112335
-0.00354781
-0.0392178
-0.0325928
-0.00842467
0.00210814
0.0170525
-0.0283695
0.0265891
0.00621697
-0.0156824
-0.0448238
-0.0424334
-0.01605
-0.0150078
-0.00444337
-0.0711871
0.000699204
0.00075194
-0.00313119
-0.035317
-0.0377164
0.000197431
-0.0113354
0.011944
0.00658216
0.0219637
0.0178173
0.00758441
-0.030043
-0.0312194
0.0153226
0.00895077
-0.000181037
0.00864387
0.0133935
0.0266039
-0.00496574
-0.0378557
-0.0356769
0.00400754
-0.0142182
-0.0289004
-0.0854672
-0.000920682
-0.00662119
-0.0121388
-0.0472534
-0.0156246
0.0156084
0.00830827
-0.013486
-0.0536638
-0.00212869
0.000304808
-0.00505235
-0.0330076
-0.0202558
0.0299009
0.0401593
0.0113227
0.0198249
0.0381939
0.0368411
0.0269811
-0.0149546
-0.0122367
0.00400415
0.0247356
-0.0177939
-0.0193977
-0.013018
0.014506
0.00785633
-0.00886332
-0.0329151
0.00279621
0.0250835
0.00436152
-0.0432223
0.0215464
0.0187688
0.0117568
-0.0270573
-0.0401997
-0.011034
0.011852
-0.0116216
-0.0446962
-0.0193635
-0.0109981
-0.0174819
-0.046611
-0.0045811
-0.00309638
0.0015127
0.0222946
0.0261396
0.0200616
0.0319857
0.016117
-0.00126365
-0.0243139
-0.0344045
-0.0344017
-0.0139773
-0.000596101
0.0114913
0.0108555
-0.0307089
-0.03575
-0.0107292
0.00685182
0.0135678
0.0204222
-0.0178022
0.0202895
0.0217396
0.0118446
-0.0107451
-0.029433
-0.0335239
-0.0389276
-0.0179804
-0.0587312
-0.0248413
-0.00487611
-0.0182024
-0.0312494
-0.00307594
-0.0307895
-0.016591
-0.0224355
-0.0432584
0.00287756
0.00551544
-0.0277046
-0.00550795
-0.0379789
-0.0171126
-0.0125135
-0.0138749
-0.0602007
-0.015829
-0.00400866
-0.0339354
-0.0343059
0.0213
-0.0113514
-0.029614
-0.0286891
-0.0776997
-0.0173241
0.00112867
-4.2934e-005
0.00848696
0.0191083
0.00396296
-0.0221466
-0.0292518
-0.0936316
-0.000503546
0.0375774
0.00166628
-0.00404268
-0.0909278
